0.000000 0.000000
0.010000 0.009987
0.020000 0.019899
0.030000 0.029659
0.040000 0.039192
0.050000 0.048425
0.060000 0.057286
0.070000 0.065702
0.080000 0.073606
0.090000 0.080931
0.100000 0.087612
0.110000 0.093589
0.120000 0.098803
0.130000 0.103200
0.140000 0.106728
0.150000 0.109342
0.160000 0.110998
0.170000 0.111657
0.180000 0.111287
0.190000 0.109856
0.200000 0.107341
0.210000 0.103724
0.220000 0.098988
0.230000 0.093126
0.240000 0.086133
0.250000 0.078012
0.260000 0.068769
0.270000 0.058416
0.280000 0.046971
0.290000 0.034458
0.300000 0.020904
0.310000 0.006344
0.320000 -0.009185
0.330000 -0.025639
0.340000 -0.042968
0.350000 -0.061120
0.360000 -0.080037
0.370000 -0.099658
0.380000 -0.119915
0.390000 -0.140738
0.400000 -0.162055
0.410000 -0.183788
0.420000 -0.205856
0.430000 -0.228177
0.440000 -0.250666
0.450000 -0.273234
0.460000 -0.295792
0.470000 -0.318249
0.480000 -0.340513
0.490000 -0.362491
0.500000 -0.384089
0.510000 -0.405213
0.520000 -0.425771
0.530000 -0.445669
0.540000 -0.464816
0.550000 -0.483121
0.560000 -0.500496
0.570000 -0.516853
0.580000 -0.532108
0.590000 -0.546181
0.600000 -0.558992
0.610000 -0.570466
0.620000 -0.580533
0.630000 -0.589124
0.640000 -0.596177
0.650000 -0.601634
0.660000 -0.605440
0.670000 -0.607549
0.680000 -0.607916
0.690000 -0.606504
0.700000 -0.603282
0.710000 -0.598223
0.720000 -0.591309
0.730000 -0.582525
0.740000 -0.571864
0.750000 -0.559325
0.760000 -0.544915
0.770000 -0.528644
0.780000 -0.510533
0.790000 -0.490606
0.800000 -0.468895
0.810000 -0.445438
0.820000 -0.420280
0.830000 -0.393471
0.840000 -0.365069
0.850000 -0.335137
0.860000 -0.303743
0.870000 -0.270962
0.880000 -0.236873
0.890000 -0.201563
0.900000 -0.165122
0.910000 -0.127644
0.920000 -0.089229
0.930000 -0.049980
0.940000 -0.010005
0.950000 0.030586
0.960000 0.071678
0.970000 0.113155
0.980000 0.154898
0.990000 0.196785
1.000000 0.238693
